((("lc" .
   [1 0])
  ("i" .
   [1])
  ("foreach" .
   [1 0 0 0 0 0 0])
  ("Current" .
   [0 0 0 0 0 0 1])
  ("can" .
   [1 0 0])
  ("die" .
   [1 0 0])
  ("number" .
   [1 0 0 0 0 0])
  ("tuple" .
   [1 0 0 0 0])
  ("print" .
   [7 0 0 0 0])
  ("sort" .
   [1 0 0 0])
  ("tmp" .
   [3 0 0])
  ("img" .
   [1 0 0])
  ("f5" .
   [1 0])
  ("f10" .
   [1 0 0])
  ("f9" .
   [1 0])
  ("f8" .
   [1 0])
  ("f7" .
   [1 0])
  ("f12" .
   [1 0 0])
  ("f11" .
   [1 0 0])
  ("struct" .
   [0 0 0 2 4 0])
  ("once" .
   [0 0 1 2])
  ("THIS_H" .
   [0 0 1 0 0 0])
  ("stdlib" .
   [0 0 0 0 1 0])
  ("yasnippet-bundle" .
   [0 0 0 0 0 0 0 0 0 0 1 1 0 0 0 0])
  ("ecb-split-ver" .
   [2 0 0 0 0 0 0 0 0 0 0 0 0])
  ("0.8" .
   [1 0 0])
  ("ecb-symboldef" .
   [0 0 0 0 0 0 0 0 0 0 0 0 1])
  ("ecb-set-sources-buffer" .
   [0 0 0 0 0 0 0 0 0 0 0 1 0 0 0 0 0 0 0 0 0 0])
  ("ecb-set-symboldef-buffer" .
   [0 0 0 0 0 0 0 2 0 0 0 0 0 0 0 0 0 0 0 0 0 0 0 0])
  ("ecb-set-history-buffer" .
   [0 0 0 0 0 0 0 0 0 0 1 0 0 0 0 0 0 0 0 0 0 0])
  ("interactive" .
   [0 0 0 0 0 1 0 0 0 0 0])
  ("windowsmove" .
   [0 0 0 0 0 0 0 1 1 0 0])
  ("windmove-right" .
   [1 0 0 0 0 0 0 0 0 0 0 0 0 0])
  ("PostMessage" .
   [0 0 0 0 0 0 0 0 0 0 2])
  ("equal_range" .
   [0 0 0 0 0 0 1 0 0 0 0])
  ("pos" .
   [6 0 0])
  ("pair" .
   [1 0 0 0])
  ("empty" .
   [0 0 1 0 0])
  ("preAuthor" .
   [0 0 0 0 2 0 0 0 1])
  ("currAuthor" .
   [0 0 0 0 1 2 0 0 0 1])
  ("itType" .
   [0 0 0 2 1 1])
  ("multimap" .
   [0 0 0 1 0 0 0 0])
  ("typedef" .
   [1 0 0 0 0 0 0])
  ("make_pair" .
   [0 0 0 0 0 0 0 0 1])
  ("insert" .
   [1 0 0 0 0 0])
  ("authors" .
   [0 0 0 1 1 0 1])
  ("name" .
   [1 0 0 0])
  ("searchItem" .
   [0 0 0 1 0 0 0 0 0 0])
  ("work" .
   [2 0 0 2])
  ("author" .
   [2 0 0 0 1 2])
  ("excluded" .
   [1 0 0 0 0 0 0 0])
  ("second" .
   [2 0 0 0 0 3])
  ("first" .
   [1 0 0 4 2])
  ("end" .
   [4 0 0])
  ("begin" .
   [1 0 0 0 2])
  ("iter" .
   [18 0 0 0])
  ("restricted_wc" .
   [0 0 0 0 0 0 1 0 0 0 0 0 0])
  ("exFile" .
   [0 0 0 2 0 0])
  ("ifstream" .
   [1 0 0 0 0 1 0 0])
  ("fileName" .
   [0 0 0 0 0 3 0 0])
  ("wordCount" .
   [2 0 0 0 0 2 0 0 0])
  ("semantic-gcc" .
   [1 0 0 0 0 0 0 0 0 0 0 0])
  ("semantic" .
   [0 0 0 1 0 0 0 0])
  ("require" .
   [1 0 0 0 0 0 0])
  ("s" .
   [2])
  ("iterator" .
   [5 0 0 0 7 4 0 3])
  ("break" .
   [3 0 0 0 0])
  ("if" .
   [20 0])
  ("surname" .
   [1 0 0 1 0 0 0])
  ("do" .
   [6 0])
  ("count_calls" .
   [0 0 0 0 0 0 0 0 0 0 1])
  ("ctr" .
   [4 0 0])
  ("static" .
   [3 0 0 0 1 0])
  ("size_t" .
   [0 0 0 0 1 3])
  ("for" .
   [8 0 1])
  ("0.5" .
   [2 0 0])
  ("setq" .
   [3 0 0 0])
  ("nil" .
   [4 0 0])
  ("C-/" .
   [1 0 0])
  ("ibus-receive-event" .
   [0 0 0 0 0 0 0 0 0 0 1 0 0 0 0 0 0 0])
  ("shell-toggle-cd" .
   [0 0 0 0 0 0 0 0 1 1 0 0 0 1 0])
  ("M-f9" .
   [1 0 0 0])
  ("C-f9" .
   [1 0 0 0])
  ("shell-command" .
   [0 0 0 0 0 0 0 0 0 0 0 0 1])
  ("include" .
   [1 0 2 1 0 0 15])
  ("iostream" .
   [0 0 1 1 1 0 0 2])
  ("string" .
   [34 0 0 1 0 1])
  ("using" .
   [0 0 0 1 5])
  ("namespace" .
   [0 0 1 1 0 0 0 0 4])
  ("std" .
   [6 0 0])
  ("int" .
   [13 0 0])
  ("main" .
   [8 0 0 4])
  ("void" .
   [7 0 0 1])
  ("while" .
   [6 0 0 0 2])
  ("cin" .
   [9 0 0])
  ("word" .
   [8 0 0 1])
  ("cout" .
   [15 0 0 0])
  ("endl" .
   [18 0 0 0])
  ("return" .
   [2 0 0 0 2 10])
  ("map" .
   [3 0 0])
  ("vector" .
   [8 0 1 1 0 7])
  ("clear" .
   [2 0 0 0 0])
  ("fstream" .
   [0 0 1 0 0 0 1])
  ("already" .
   [0 0 1 0 0 0 0])
  ("algorithm" .
   [0 0 1 0 1 0 0 0 0])
  ("bool" .
   [2 0 0 0])
  ("const" .
   [5 0 0 0 0])
  ("size" .
   [2 0 0 1])
  ("make_plural" .
   [0 0 0 0 0 1 0 0 0 0 0])
  ("ending" .
   [2 0 0 0 0 0])
  ("argc" .
   [2 0 0 0])
  ("char" .
   [4 0 0 0])
  ("argv" .
   [2 0 0 0])
  ("list" .
   [4 0 0 0])
  ("cerr" .
   [2 0 0 0])
  ("EXIT_FAILURE" .
   [0 0 0 0 2 0 0 0 0 0 0 0])
  ("inFile" .
   [1 0 0 3 1 0])
  ("open" .
   [0 0 0 1])
  ("words" .
   [5 0 0 0 0])
  ("0.9" .
   [1 0 0])
  ("ecb-window-right" .
   [1 0 0 0 0 0 1 2 0 0 0 0 0 0 0 0])
  ("defun" .
   [2 0 0 0 1])
  ("xxx" .
   [2 0 0])
  ("ecb" .
   [2 0 0])
  ("window_move_right" .
   [0 0 0 0 0 0 0 0 1 1 0 0 0 0 0 0 0])
  ("ecb-split-hor" .
   [0 0 0 0 0 0 0 0 0 1 0 1 0])
  ("0.2" .
   [1 0 0])
  ("0x5441000c" .
   [5 0 0 0 0 0 0 0 0 0])
  ("0x54410009" .
   [1 0 0 0 0 0 0 0 0 0])
  ("0x54410007" .
   [2 0 0 0 0 0 0 0 0 0])
  ("printk" .
   [2 0 0 0 0 0])
  ("m" .
   [1])
  ("A" .
   [1])
  ("Add" .
   [1 0 0])
  ("by" .
   [1 0])
  ("fo" .
   [1 0])
  ("images" .
   [1 0 0 0 0 0])
  ("from" .
   [1 0 0 0])
  ("sd" .
   [1 0])
  ("sdcard" .
   [1 0 0 0 0 0])
  ("start" .
   [1 0 0 0 0])
  ("flash" .
   [1 0 0 0 0])
  ("flash_image" .
   [1 0 0 0 0 0 0 0 0 0 0])
  ("partition" .
   [0 0 0 0 0 0 0 0 1])
  ("equality" .
   [1 0 0 0 0 0 0 0])
  ("ui_print" .
   [1 0 2 1 0 1 0 13])
  ("partition_name" .
   [4 0 0 1 3 6 2 0 1 0 0 0 1 3])
  ("partition_path" .
   [1 0 0 1 2 2 1 0 0 0 0 1 0 0])
  ("part" .
   [0 0 0 1])
  ("a" .
   [1])
  ("p" .
   [1])
  ("endif" .
   [5 0 0 0 0])
  ("download_image" .
   [0 0 0 1 0 0 0 0 0 0 0 0 0 0])
  ("boot" .
   [3 0 0 0])
  ("sleep" .
   [15 0 0 0 0])
  ("10" .
   [1 0])
  ("NULL" .
   [1 0 0 0])
  ("e" .
   [2])
  ("nand" .
   [1 0 0 0])
  ("enum" .
   [2 0 0 0])
  ("NAND" .
   [1 0 0 0])
  ("FLASH_TYPE" .
   [2 0 0 0 0 0 0 0 0 0])
  ("EMMC" .
   [2 0 0 0])
  ("emmc_flash_partitions" .
   [0 0 0 0 0 1 0 0 0 0 0 0 0 0 0 0 0 0 0 0 0])
  ("else" .
   [1 0 0 0])
  ("nand_flash_partitions" .
   [0 0 0 0 0 0 0 0 0 0 1 0 0 0 0 0 0 0 0 0 0])
  ("define" .
   [2 0 0 0 0 0])
  ("ifdef" .
   [4 0 0 0 0])
  ("XXSD" .
   [2 0 0 0])
  ("CONFIG_SMP" .
   [1 0 0 0 0 0 0 0 1 0])
  ("123" .
   [1 0 0])
  ("p_system" .
   [0 0 0 0 0 1 0 1])
  ("make" .
   [2 0 0 0])
  ("ENV" .
   [2 0 0])
  ("MTK_PLATFORM" .
   [0 0 0 0 1 0 0 0 0 0 0 0])
  ("PATH" .
   [1 0 0 0])))
